$ANSIBLE_VAULT;1.1;AES256
38393962633536383232306264333165626435636637326336306236343664323030666430663234
3539386562643164383164353732653633323237346138640a386162343430663164316636646233
35323439333034333739373661633766643237623731373939643730313562336564393366313363
6230623138346161630a326364366130663932626466613361656134633961363331656134313233
32653339333564663361333231313832653039373966396139633736353461623233333531386237
64323966366439323337356631393132303264353464306134623861666130336232326365373930
65626138373539623333643936643231356631383936383564396266656264623131336662333736
32643533386262353564633839313530313839643035366530343437383361353435383363616362
63633263613938636232373935643064663263383735643833623138383934303365396665303434
30356365333764396633326130366436326234656561643632303132303734393438346239323239
33623630353962653437303135653664373936633464353164396331383962313430326539653461
31316563336164666262316435313839626233653065393765346164313330643835633231623666
61336562633664646238323236643539373866393031303636356134313538633563633337656233
66656265633036356265613433623832386636326632653965396630373462333436353332373535
64323234323237353738643464643433653032663332333835386164653330633963303937303836
66653664336539376231383531646638633432336335636133356637313361333039656633336636
39613261323933333035386263643636633339396662336237393339653432613839
